-7.519818	0.000000	0.913800
-7.519818	0.154800	0.914900
-7.519818	0.254800	0.917700
-7.519818	0.354700	0.922800
-7.519818	0.454200	0.931700
-7.519818	0.553200	0.945800
-7.519818	0.651300	0.965200
-6.519845	0.000000	0.731200
-6.519845	0.100500	0.731600
-6.519845	0.200500	0.733500
-6.519845	0.300400	0.737400
-6.519845	0.400200	0.744200
-6.519845	0.499500	0.755400
-6.519845	0.598200	0.772000
-6.519845	0.695700	0.794100
-6.519845	0.791400	0.822800
-6.519845	0.884100	0.860300
-6.519845	0.972300	0.907300
-6.519845	1.053700	0.965200
-5.519858	0.000000	0.559300
-5.519858	0.168700	0.560600
-5.519858	0.268700	0.563900
-5.519858	0.368500	0.569700
-5.519858	0.468100	0.579100
-5.519858	0.567000	0.593500
-5.519858	0.665000	0.613400
-5.519858	0.761600	0.639300
-5.519858	0.856000	0.672200
-5.519858	0.947200	0.713200
-5.519858	1.034500	0.761800
-5.519858	1.116000	0.819700
-5.519858	1.188500	0.888400
-5.519858	1.252400	0.965200
-4.519868	0.000000	0.404600
-4.519868	0.186400	0.406400
-4.519868	0.286300	0.410200
-4.519868	0.386100	0.416800
-4.519868	0.485600	0.426900
-4.519868	0.584400	0.441700
-4.519868	0.682400	0.461900
-4.519868	0.779000	0.487700
-4.519868	0.873400	0.520400
-4.519868	0.964900	0.560800
-4.519868	1.052700	0.608500
-4.519868	1.136400	0.663200
-4.519868	1.213100	0.727300
-4.519868	1.281100	0.800500
-4.519868	1.341200	0.880400
-4.519868	1.394100	0.965200
-3.519875	0.000000	0.271600
-3.519875	0.162800	0.273200
-3.519875	0.262700	0.276900
-3.519875	0.362500	0.283200
-3.519875	0.462100	0.292700
-3.519875	0.561100	0.306300
-3.519875	0.659400	0.324700
-3.519875	0.756600	0.348300
-3.519875	0.852200	0.377600
-3.519875	0.945200	0.414100
-3.519875	1.034700	0.458600
-3.519875	1.120500	0.510000
-3.519875	1.201800	0.568200
-3.519875	1.276000	0.635100
-3.519875	1.342000	0.710100
-3.519875	1.400700	0.791000
-3.519875	1.452700	0.876400
-3.519875	1.498700	0.965200
-2.519880	0.000000	0.165300
-2.519880	0.196100	0.168000
-2.519880	0.296000	0.173000
-2.519880	0.395700	0.180900
-2.519880	0.495000	0.192200
-2.519880	0.593800	0.207700
-2.519880	0.691700	0.227900
-2.519880	0.788600	0.252900
-2.519880	0.883800	0.283200
-2.519880	0.976400	0.320900
-2.519880	1.065300	0.366600
-2.519880	1.150200	0.419400
-2.519880	1.230700	0.478700
-2.519880	1.304700	0.545900
-2.519880	1.371000	0.620700
-2.519880	1.430300	0.701200
-2.519880	1.483100	0.786100
-2.519880	1.530100	0.874300
-2.519880	1.571800	0.965200
-1.519883	0.000000	0.086800
-1.519883	0.184700	0.089600
-1.519883	0.284500	0.094900
-1.519883	0.384200	0.103200
-1.519883	0.483500	0.115000
-1.519883	0.582200	0.130800
-1.519883	0.680200	0.151000
-1.519883	0.777000	0.175900
-1.519883	0.872400	0.205700
-1.519883	0.965600	0.242000
-1.519883	1.055200	0.286400
-1.519883	1.140600	0.338300
-1.519883	1.221800	0.396600
-1.519883	1.297500	0.461900
-1.519883	1.366100	0.534600
-1.519883	1.427800	0.613300
-1.519883	1.483100	0.696600
-1.519883	1.532600	0.783400
-1.519883	1.576700	0.873100
-1.519883	1.615700	0.965200
-0.519884	0.000000	0.034100
-0.519884	0.131100	0.035900
-0.519884	0.231000	0.040400
-0.519884	0.330700	0.047800
-0.519884	0.430100	0.058500
-0.519884	0.529000	0.073200
-0.519884	0.627200	0.092200
-0.519884	0.724400	0.115700
-0.519884	0.820300	0.143900
-0.519884	0.914600	0.177300
-0.519884	1.005900	0.218000
-0.519884	1.093100	0.266800
-0.519884	1.176000	0.322700
-0.519884	1.254400	0.384700
-0.519884	1.327000	0.453500
-0.519884	1.392600	0.528800
-0.519884	1.451800	0.609400
-0.519884	1.505000	0.694100
-0.519884	1.552700	0.782000
-0.519884	1.595200	0.872500
-0.519884	1.632500	0.965200
0.480117	0.000000	0.006000
0.480117	0.137500	0.008300
0.480117	0.237400	0.013500
0.480117	0.337000	0.022000
0.480117	0.436300	0.034100
0.480117	0.534900	0.050400
0.480117	0.632800	0.071100
0.480117	0.729500	0.096600
0.480117	0.824800	0.126800
0.480117	0.918200	0.162500
0.480117	1.008300	0.205700
0.480117	1.094100	0.257000
0.480117	1.175500	0.315100
0.480117	1.252200	0.379200
0.480117	1.323100	0.449600
0.480117	1.387400	0.526200
0.480117	1.445400	0.607600
0.480117	1.497600	0.692900
0.480117	1.544400	0.781200
0.480117	1.586100	0.872100
0.480117	1.622500	0.965200
1.480225	0.000000	0.001200
1.480225	0.100600	0.002700
1.480225	0.200500	0.007300
1.480225	0.300100	0.015400
1.480225	0.399400	0.027300
1.480225	0.498100	0.043500
1.480225	0.595900	0.064300
1.480225	0.692500	0.090100
1.480225	0.787600	0.120900
1.480225	0.880800	0.157100
1.480225	0.970800	0.200600
1.480225	1.056500	0.252200
1.480225	1.137300	0.310900
1.480225	1.213600	0.375600
1.480225	1.284300	0.446300
1.480225	1.348600	0.522800
1.480225	1.406500	0.604300
1.480225	1.458700	0.689600
1.480225	1.505300	0.778100
1.480225	1.546800	0.869000
1.480225	1.583100	0.965200
2.480225	0.000000	0.020000
2.480225	0.100700	0.021700
2.480225	0.200500	0.026900
2.480225	0.300100	0.036100
2.480225	0.399200	0.049500
2.480225	0.497500	0.067500
2.480225	0.594800	0.090600
2.480225	0.690700	0.119100
2.480225	0.784700	0.153200
2.480225	0.876200	0.193400
2.480225	0.963800	0.241500
2.480225	1.046500	0.297600
2.480225	1.124200	0.360500
2.480225	1.196900	0.429200
2.480225	1.263700	0.503600
2.480225	1.323900	0.583400
2.480225	1.377900	0.667500
2.480225	1.426100	0.755100
2.480225	1.469000	0.845500
2.480225	1.506700	0.965200
3.480225	0.000000	0.060500
3.480225	0.100700	0.062500
3.480225	0.200500	0.068600
3.480225	0.299900	0.079200
3.480225	0.398700	0.094600
3.480225	0.496600	0.115200
3.480225	0.593100	0.141300
3.480225	0.687800	0.173500
3.480225	0.780000	0.212000
3.480225	0.868900	0.257800
3.480225	0.952900	0.311900
3.480225	1.031600	0.373600
3.480225	1.104800	0.441600
3.480225	1.172500	0.515200
3.480225	1.233700	0.594300
3.480225	1.288200	0.678100
3.480225	1.336600	0.765600
3.480225	1.379400	0.855900
3.480225	1.417100	0.965200
4.480225	0.000000	0.121300
4.480225	0.100800	0.123700
4.480225	0.200500	0.131100
4.480225	0.299600	0.143900
4.480225	0.397900	0.162200
4.480225	0.495000	0.186200
4.480225	0.590300	0.216500
4.480225	0.683100	0.253800
4.480225	0.772500	0.298500
4.480225	0.857200	0.351500
4.480225	0.936200	0.412800
4.480225	1.009300	0.481000
4.480225	1.076600	0.554900
4.480225	1.137400	0.634200
4.480225	1.191200	0.718500
4.480225	1.238500	0.806600
4.480225	1.279900	0.965200
5.480147	0.000000	0.203200
5.480147	0.199100	0.212500
5.480147	0.297800	0.228300
5.480147	0.395300	0.250700
5.480147	0.491000	0.279500
5.480147	0.584300	0.315400
5.480147	0.674000	0.359400
5.480147	0.758900	0.412200
5.480147	0.837600	0.473900
5.480147	0.909900	0.542900
5.480147	0.975900	0.618000
5.480147	1.035200	0.698400
5.480147	1.087100	0.783900
5.480147	1.132200	0.873100
5.480147	1.171100	0.965200
6.480157	0.000000	0.294800
6.480157	0.102300	0.299000
6.480157	0.201500	0.311400
6.480157	0.299300	0.332000
6.480157	0.395200	0.360200
6.480157	0.488600	0.395900
6.480157	0.578400	0.439800
6.480157	0.662900	0.493200
6.480157	0.740500	0.556200
6.480157	0.811000	0.627100
6.480157	0.874500	0.704300
6.480157	0.930800	0.786800
6.480157	0.979400	0.874200
6.480157	1.020700	0.965200
7.480225	0.000000	0.403100
7.480225	0.100800	0.408700
7.480225	0.199300	0.425400
7.480225	0.295600	0.452400
7.480225	0.388900	0.488300
7.480225	0.478500	0.532600
7.480225	0.562500	0.586600
7.480225	0.638900	0.651100
7.480225	0.707200	0.724100
7.480225	0.767800	0.803600
7.480225	0.820500	0.888500
7.480225	0.820500	0.965200
8.480225	0.000000	0.523300
8.480225	0.100600	0.531500
8.480225	0.197700	0.555100
8.480225	0.290800	0.591400
8.480225	0.379400	0.637700
8.480225	0.462200	0.693700
8.480225	0.536700	0.760300
8.480225	0.602300	0.835700
8.480225	0.659500	0.917600
8.480225	0.659500	0.965200
9.480225	0.000000	0.653500
9.480225	0.100000	0.666400
9.480225	0.193700	0.701100
9.480225	0.280600	0.750400
9.480225	0.360600	0.810300
9.480225	0.432200	0.880000
9.480225	0.494100	0.965200
10.480210	0.000000	0.796300
10.480210	0.134700	0.835600
10.480210	0.214800	0.895300
10.480210	0.286200	0.965200
