68 .true. -1.637000-17.496000	6	0
0.000000	0.000000	0.001000	-0.001000	-0.001000	0.000000	
3.336000	3.663000	3.677000	4.101000	3.677000	3.336000	
-17.473000	7	0
0.000000	0.000000	0.001000	0.056000	-0.056000	-0.001000	0.000000	
1.225000	1.252000	1.267000	4.100000	4.100000	1.267000	1.225000	
-17.451000	8	0
0.000000	0.000000	0.041000	0.086000	-0.076000	-0.087000	-0.041000	0.000000	

0.652000	0.661000	1.522000	4.100000	4.102000	4.088000	1.522000	0.652000	

-17.428000	12	0
0.000000	0.000000	0.022000	0.027000	0.079000	0.107000	-0.081000	-0.107000	
-0.077000	-0.027000	-0.022000	0.000000	
0.329000	0.338000	0.661000	0.674000	2.032000	4.099000	4.104000	4.099000	
1.961000	0.674000	0.661000	0.329000	
-17.405000	12	0
0.000000	0.025000	0.043000	0.048000	0.075000	0.126000	-0.064000	-0.125000	
-0.075000	-0.048000	-0.043000	0.000000	
0.116000	0.385000	0.636000	0.649000	1.217000	4.098000	4.109000	4.092000	
1.217000	0.649000	0.636000	0.116000	
-17.360000	11	0
0.000000	0.016000	0.069000	0.105000	0.162000	-0.027000	-0.162000	-0.112000	
-0.069000	-0.010000	0.000000	
-0.147000	-0.057000	0.399000	1.232000	4.096000	4.115000	4.096000	1.474000	
0.399000	-0.090000	-0.147000	
-17.314000	12	0
0.001000	0.011000	0.051000	0.063000	0.107000	0.188000	0.000000	-0.188000	
-0.141000	-0.063000	-0.024000	0.001000	
-0.299000	-0.263000	-0.075000	0.001000	0.617000	4.095000	4.117000	4.095000	
1.493000	0.001000	-0.211000	-0.299000	
-17.223000	14	0
0.000000	0.006000	0.053000	0.101000	0.170000	0.240000	0.045000	-0.139000	
-0.240000	-0.199000	-0.128000	-0.101000	-0.053000	0.000000	
-0.476000	-0.464000	-0.362000	-0.077000	1.060000	4.092000	4.119000	4.111000	
4.092000	1.893000	0.253000	-0.077000	-0.364000	-0.476000	
-17.132000	16	0
0.001000	0.022000	0.076000	0.130000	0.193000	0.267000	0.291000	0.132000	
-0.020000	-0.204000	-0.291000	-0.239000	-0.151000	-0.095000	-0.043000	0.001000	

-0.564000	-0.542000	-0.429000	-0.102000	0.671000	2.628000	4.089000	4.116000	
4.122000	4.106000	4.089000	1.673000	0.100000	-0.344000	-0.517000	-0.564000	

-16.950000	21	0
-0.002000	0.003000	0.095000	0.154000	0.190000	0.242000	0.348000	0.390000	
0.223000	0.027000	-0.128000	-0.348000	-0.390000	-0.366000	-0.279000	-0.242000	
-0.212000	-0.166000	-0.114000	-0.031000	-0.002000	
-0.646000	-0.646000	-0.533000	-0.331000	-0.133000	0.306000	2.172000	4.083000	
4.113000	4.128000	4.123000	4.092000	4.082000	2.752000	0.767000	0.306000	
0.026000	-0.271000	-0.482000	-0.634000	-0.646000	
-16.767000	22	0
-0.007000	-0.001000	0.081000	0.159000	0.219000	0.313000	0.442000	0.489000	
0.313000	0.125000	-0.065000	-0.252000	-0.432000	-0.489000	-0.458000	-0.336000	
-0.275000	-0.234000	-0.189000	-0.138000	-0.070000	-0.007000	
-0.681000	-0.680000	-0.638000	-0.497000	-0.299000	0.277000	2.157000	4.076000	
4.110000	4.129000	4.132000	4.118000	4.089000	4.076000	2.598000	0.490000	
-0.004000	-0.233000	-0.412000	-0.548000	-0.650000	-0.681000	
-16.403000	34	0
-0.027000	-0.018000	0.058000	0.140000	0.193000	0.242000	0.267000	0.297000	
0.327000	0.345000	0.367000	0.382000	0.402000	0.507000	0.601000	0.656000	
0.681000	0.437000	0.175000	-0.090000	-0.351000	-0.602000	-0.681000	-0.651000	
-0.611000	-0.491000	-0.402000	-0.367000	-0.327000	-0.286000	-0.242000	-0.193000	
-0.108000	-0.027000	
-0.731000	-0.731000	-0.726000	-0.685000	-0.630000	-0.557000	-0.494000	-0.431000	
-0.351000	-0.271000	-0.214000	-0.126000	-0.057000	0.641000	1.743000	2.882000	
4.064000	4.111000	4.138000	4.142000	4.122000	4.081000	4.064000	2.763000	
1.905000	0.511000	-0.057000	-0.214000	-0.351000	-0.464000	-0.557000	-0.630000	
-0.706000	-0.731000	
-16.039000	34	0
-0.038000	0.000000	0.075000	0.146000	0.268000	0.335000	0.387000	0.438000	
0.486000	0.552000	0.671000	0.749000	0.844000	0.870000	0.873000	0.559000	
0.224000	-0.116000	-0.449000	-0.772000	-0.872000	-0.855000	-0.773000	-0.654000	
-0.574000	-0.530000	-0.485000	-0.436000	-0.383000	-0.329000	-0.268000	-0.205000	
-0.111000	-0.038000	
-0.779000	-0.775000	-0.777000	-0.759000	-0.678000	-0.589000	-0.502000	-0.391000	
-0.256000	-0.015000	0.656000	1.361000	2.879000	4.025000	4.051000	4.111000	
4.146000	4.151000	4.126000	4.074000	4.051000	3.180000	1.647000	0.538000	
0.082000	-0.109000	-0.264000	-0.402000	-0.515000	-0.604000	-0.678000	-0.729000	
-0.770000	-0.779000	
-15.310000	36	0
-0.063000	-0.030000	0.110000	0.209000	0.308000	0.390000	0.473000	0.547000	
0.619000	0.689000	0.754000	0.845000	0.956000	1.086000	1.191000	1.239000	
0.794000	0.317000	-0.164000	-0.638000	-1.096000	-1.238000	-1.191000	-1.068000	
-0.932000	-0.845000	-0.785000	-0.754000	-0.689000	-0.619000	-0.547000	-0.473000	
-0.390000	-0.308000	-0.181000	-0.063000	
-0.868000	-0.866000	-0.868000	-0.856000	-0.827000	-0.786000	-0.723000	-0.645000	
-0.542000	-0.414000	-0.267000	0.010000	0.479000	1.330000	2.522000	4.025000	
4.111000	4.160000	4.167000	4.132000	4.057000	4.025000	2.522000	1.188000	
0.361000	0.010000	-0.181000	-0.267000	-0.414000	-0.542000	-0.645000	-0.723000	
-0.786000	-0.827000	-0.862000	-0.868000	
-14.581000	45	0
-0.142000	-0.013000	0.142000	0.266000	0.391000	0.493000	0.599000	0.693000	
0.786000	0.876000	0.958000	1.031000	1.048000	1.106000	1.124000	1.180000	
1.243000	1.304000	1.403000	1.514000	1.577000	1.590000	1.019000	0.407000	
-0.211000	-0.818000	-1.405000	-1.589000	-1.545000	-1.448000	-1.358000	-1.304000	
-1.243000	-1.180000	-1.106000	-1.031000	-0.958000	-0.876000	-0.786000	-0.693000	
-0.599000	-0.493000	-0.391000	-0.266000	-0.142000	
-0.952000	-0.944000	-0.952000	-0.945000	-0.922000	-0.887000	-0.832000	-0.761000	
-0.665000	-0.544000	-0.401000	-0.250000	-0.201000	-0.057000	0.008000	0.175000	
0.414000	0.691000	1.269000	2.254000	3.351000	3.999000	4.109000	4.172000	
4.181000	4.136000	4.040000	3.999000	2.692000	1.601000	0.979000	0.691000	
0.414000	0.175000	-0.057000	-0.250000	-0.401000	-0.544000	-0.665000	-0.761000	
-0.832000	-0.887000	-0.922000	-0.945000	-0.952000	
-13.852000	41	0
0.168000	0.315000	0.463000	0.585000	0.711000	0.825000	0.938000	1.047000	
1.148000	1.248000	1.340000	1.433000	1.510000	1.652000	1.807000	1.910000	
1.924000	1.232000	0.492000	-0.255000	-0.988000	-1.700000	-1.924000	-1.871000	
-1.763000	-1.652000	-1.510000	-1.433000	-1.340000	-1.248000	-1.148000	-1.047000	
-0.938000	-0.825000	-0.711000	-0.585000	-0.463000	-0.315000	-0.168000	0.000000	
0.168000	
-1.027000	-1.023000	-1.005000	-0.975000	-0.925000	-0.859000	-0.769000	-0.652000	
-0.514000	-0.342000	-0.146000	0.096000	0.338000	0.926000	1.922000	3.289000	
3.973000	4.106000	4.182000	4.192000	4.138000	4.023000	3.973000	2.604000	
1.583000	0.926000	0.338000	0.096000	-0.146000	-0.342000	-0.514000	-0.652000	
-0.769000	-0.859000	-0.925000	-0.975000	-1.005000	-1.023000	-1.027000	-1.017000	
-1.027000	
-13.123000	43	0
-0.190000	0.000000	0.190000	0.377000	0.525000	0.665000	0.810000	0.943000	
1.075000	1.203000	1.322000	1.440000	1.550000	1.659000	1.751000	1.843000	
1.987000	2.145000	2.226000	2.241000	1.434000	0.572000	-0.296000	-1.150000	
-1.979000	-2.241000	-2.208000	-2.104000	-1.987000	-1.843000	-1.751000	-1.659000	
-1.550000	-1.440000	-1.322000	-1.203000	-1.075000	-0.943000	-0.810000	-0.665000	
-0.525000	-0.357000	-0.190000	
-1.095000	-1.085000	-1.095000	-1.091000	-1.077000	-1.050000	-1.004000	-0.941000	
-0.853000	-0.740000	-0.604000	-0.434000	-0.240000	0.000000	0.241000	0.534000	
1.131000	2.169000	3.235000	3.946000	4.101000	4.190000	4.202000	4.139000	
4.004000	3.946000	2.885000	1.836000	1.131000	0.534000	0.241000	0.000000	
-0.240000	-0.434000	-0.604000	-0.740000	-0.853000	-0.941000	-1.004000	-1.050000	
-1.077000	-1.092000	-1.095000	
-12.395000	45	0
-0.208000	0.000000	0.208000	0.393000	0.580000	0.735000	0.899000	1.049000	
1.200000	1.346000	1.483000	1.619000	1.745000	1.872000	1.977000	2.084000	
2.173000	2.326000	2.434000	2.526000	2.542000	1.626000	0.649000	-0.336000	
-1.304000	-2.245000	-2.543000	-2.504000	-2.386000	-2.250000	-2.173000	-2.084000	
-1.977000	-1.872000	-1.745000	-1.619000	-1.483000	-1.346000	-1.200000	-1.049000	
-0.899000	-0.735000	-0.580000	-0.393000	-0.208000	
-1.155000	-1.146000	-1.155000	-1.154000	-1.140000	-1.114000	-1.069000	-1.008000	
-0.922000	-0.811000	-0.676000	-0.508000	-0.315000	-0.076000	0.165000	0.458000	
0.754000	1.419000	2.102000	3.189000	3.920000	4.095000	4.195000	4.209000	
4.137000	3.985000	3.920000	2.831000	1.765000	1.056000	0.754000	0.458000	
0.165000	-0.076000	-0.315000	-0.508000	-0.676000	-0.811000	-0.922000	-1.008000	
-1.069000	-1.114000	-1.140000	-1.154000	-1.155000	
-11.666000	45	0
-0.223000	0.000000	0.422000	0.626000	0.797000	0.978000	1.145000	1.313000	
1.478000	1.631000	1.784000	1.926000	2.070000	2.189000	2.310000	2.411000	
2.498000	2.651000	2.784000	2.827000	1.807000	0.721000	-0.373000	-1.450000	
-2.497000	-2.828000	-2.784000	-2.704000	-2.584000	-2.498000	-2.411000	-2.310000	
-2.189000	-2.070000	-1.926000	-1.784000	-1.631000	-1.478000	-1.313000	-1.145000	
-0.978000	-0.797000	-0.626000	-0.422000	-0.223000	
-1.209000	-1.202000	-1.208000	-1.194000	-1.169000	-1.124000	-1.064000	-0.979000	
-0.867000	-0.733000	-0.565000	-0.373000	-0.134000	0.107000	0.399000	0.696000	
0.998000	1.712000	2.786000	3.893000	4.087000	4.199000	4.214000	4.135000	
3.966000	3.893000	2.786000	2.051000	1.363000	0.998000	0.696000	0.399000	
0.107000	-0.134000	-0.373000	-0.565000	-0.733000	-0.867000	-0.979000	-1.064000	
-1.124000	-1.169000	-1.194000	-1.208000	-1.209000	
-10.937000	46	0
-0.235000	0.000000	0.447000	0.666000	0.852000	1.050000	1.232000	1.417000	
1.599000	1.769000	1.939000	2.096000	2.256000	2.388000	2.523000	2.635000	
2.730000	2.826000	2.959000	3.049000	3.098000	1.979000	1.199000	0.386000	
-0.784000	-1.973000	-3.098000	-3.049000	-2.959000	-2.826000	-2.730000	-2.635000	
-2.523000	-2.388000	-2.256000	-2.096000	-1.939000	-1.769000	-1.599000	-1.417000	
-1.232000	-1.050000	-0.852000	-0.666000	-0.447000	-0.235000	
-1.258000	-1.254000	-1.256000	-1.241000	-1.216000	-1.171000	-1.110000	-1.024000	
-0.913000	-0.778000	-0.610000	-0.417000	-0.178000	0.063000	0.356000	0.653000	
0.956000	1.321000	2.010000	2.748000	3.866000	4.079000	4.171000	4.218000	
4.201000	4.080000	3.866000	2.748000	2.010000	1.321000	0.956000	0.653000	
0.356000	0.063000	-0.178000	-0.417000	-0.610000	-0.778000	-0.913000	-1.024000	
-1.110000	-1.171000	-1.216000	-1.241000	-1.256000	-1.258000	
-10.208000	50	0
-0.246000	0.000000	0.469000	0.702000	0.901000	1.115000	1.312000	1.514000	
1.712000	1.897000	2.083000	2.255000	2.430000	2.575000	2.721000	2.844000	
2.949000	3.054000	3.200000	3.299000	3.347000	3.353000	2.141000	1.297000	
0.417000	-0.442000	-1.289000	-2.135000	-2.960000	-3.353000	-3.328000	-3.257000	
-3.136000	-3.054000	-2.949000	-2.844000	-2.721000	-2.575000	-2.430000	-2.255000	
-2.083000	-1.897000	-1.712000	-1.514000	-1.312000	-1.115000	-0.901000	-0.702000	
-0.469000	-0.246000	
-1.303000	-1.300000	-1.299000	-1.283000	-1.257000	-1.211000	-1.150000	-1.063000	
-0.950000	-0.815000	-0.645000	-0.451000	-0.211000	0.030000	0.324000	0.622000	
0.924000	1.288000	1.976000	2.715000	3.474000	3.839000	4.069000	4.169000	
4.220000	4.219000	4.170000	4.070000	3.925000	3.839000	3.081000	2.348000	
1.637000	1.288000	0.924000	0.622000	0.324000	0.030000	-0.211000	-0.451000	
-0.645000	-0.815000	-0.950000	-1.063000	-1.150000	-1.211000	-1.257000	-1.283000	
-1.299000	-1.303000	
-9.479000	49	0
0.254000	0.488000	0.734000	0.947000	1.175000	1.388000	1.604000	1.818000	
2.018000	2.219000	2.405000	2.593000	2.750000	2.908000	3.042000	3.155000	
3.269000	3.358000	3.489000	3.567000	3.593000	2.707000	1.848000	0.828000	
0.000000	-0.825000	-1.839000	-2.722000	-3.593000	-3.567000	-3.489000	-3.358000	
-3.269000	-3.155000	-3.042000	-2.908000	-2.750000	-2.593000	-2.405000	-2.219000	
-2.018000	-1.818000	-1.604000	-1.388000	-1.175000	-0.947000	-0.734000	-0.254000	
0.254000	
-1.343000	-1.338000	-1.321000	-1.294000	-1.248000	-1.185000	-1.097000	-0.983000	
-0.846000	-0.675000	-0.480000	-0.238000	0.005000	0.298000	0.596000	0.898000	
1.262000	1.610000	2.320000	3.053000	3.812000	3.993000	4.118000	4.205000	
4.230000	4.205000	4.119000	3.990000	3.812000	3.053000	2.320000	1.610000	
1.262000	0.898000	0.596000	0.298000	0.005000	-0.238000	-0.480000	-0.675000	
-0.846000	-0.983000	-1.097000	-1.185000	-1.248000	-1.294000	-1.321000	-1.343000	
-1.343000	
-8.751000	59	0
0.262000	0.506000	0.765000	0.990000	1.233000	1.459000	1.690000	1.918000	
2.133000	2.347000	2.547000	2.748000	2.916000	3.086000	3.229000	3.351000	
3.472000	3.567000	3.709000	3.792000	3.820000	2.877000	1.964000	1.247000	
1.127000	0.946000	0.747000	0.524000	0.304000	0.075000	-0.198000	-0.417000	
-0.646000	-0.823000	-1.008000	-1.181000	-1.248000	-2.430000	-3.371000	-3.820000	
-3.792000	-3.709000	-3.567000	-3.472000	-3.351000	-3.229000	-3.086000	-2.916000	
-2.748000	-2.547000	-2.347000	-2.133000	-1.918000	-1.690000	-1.459000	-1.233000	
-0.990000	-0.637000	0.262000	
-1.382000	-1.375000	-1.357000	-1.329000	-1.282000	-1.218000	-1.129000	-1.013000	
-0.875000	-0.703000	-0.506000	-0.263000	-0.020000	0.275000	0.572000	0.874000	
1.237000	1.585000	2.294000	3.025000	3.785000	3.977000	4.111000	4.179000	
4.243000	4.323000	4.392000	4.445000	4.478000	4.493000	4.487000	4.463000	
4.418000	4.368000	4.297000	4.216000	4.179000	4.049000	3.884000	3.785000	
3.025000	2.294000	1.585000	1.237000	0.874000	0.572000	0.275000	-0.020000	
-0.263000	-0.506000	-0.703000	-0.875000	-1.013000	-1.129000	-1.218000	-1.282000	
-1.329000	-1.368000	-1.382000	
-8.022000	64	0
0.000000	0.270000	0.795000	1.032000	1.288000	1.527000	1.772000	2.014000	
2.241000	2.469000	2.680000	2.894000	3.073000	3.253000	3.405000	3.534000	
3.663000	3.765000	3.845000	3.914000	4.003000	4.035000	3.037000	1.745000	
1.548000	1.340000	1.196000	0.953000	0.682000	0.548000	0.381000	0.136000	
-0.136000	-0.405000	-0.548000	-0.682000	-0.973000	-1.196000	-1.410000	-1.623000	
-1.745000	-2.565000	-3.560000	-4.034000	-4.003000	-3.914000	-3.845000	-3.765000	
-3.663000	-3.534000	-3.405000	-3.253000	-3.073000	-2.894000	-2.680000	-2.469000	
-2.241000	-2.014000	-1.772000	-1.527000	-1.288000	-1.032000	-0.661000	0.000000	

-1.420000	-1.417000	-1.391000	-1.363000	-1.315000	-1.250000	-1.160000	-1.043000	
-0.903000	-0.729000	-0.531000	-0.288000	-0.043000	0.252000	0.550000	0.852000	
1.214000	1.561000	1.898000	2.268000	2.999000	3.759000	3.962000	4.138000	
4.274000	4.393000	4.463000	4.557000	4.631000	4.660000	4.686000	4.704000	
4.704000	4.683000	4.660000	4.631000	4.550000	4.463000	4.356000	4.225000	
4.138000	4.037000	3.863000	3.759000	2.999000	2.268000	1.898000	1.561000	
1.214000	0.852000	0.550000	0.252000	-0.043000	-0.288000	-0.531000	-0.729000	
-0.903000	-1.043000	-1.160000	-1.250000	-1.315000	-1.363000	-1.402000	-1.420000	

-7.293000	70	0
0.000000	0.277000	0.823000	1.071000	1.340000	1.592000	1.849000	2.104000	
2.344000	2.583000	2.806000	3.032000	3.220000	3.410000	3.570000	3.707000	
3.843000	3.950000	4.034000	4.108000	4.201000	4.233000	3.187000	2.089000	
1.943000	1.773000	1.622000	1.450000	1.276000	1.131000	0.972000	0.801000	
0.646000	0.479000	0.317000	0.000000	-0.317000	-0.479000	-0.646000	-0.801000	
-0.972000	-1.131000	-1.298000	-1.478000	-1.630000	-1.780000	-1.943000	-2.088000	
-3.204000	-4.233000	-4.201000	-4.108000	-4.034000	-3.950000	-3.843000	-3.707000	
-3.570000	-3.410000	-3.220000	-3.032000	-2.806000	-2.583000	-2.344000	-2.104000	
-1.849000	-1.592000	-1.340000	-1.071000	-0.683000	0.000000	
-1.455000	-1.451000	-1.423000	-1.394000	-1.345000	-1.280000	-1.188000	-1.070000	
-0.930000	-0.755000	-0.556000	-0.311000	-0.066000	0.230000	0.528000	0.830000	
1.192000	1.538000	1.874000	2.243000	2.972000	3.733000	3.946000	4.103000	
4.220000	4.339000	4.432000	4.525000	4.604000	4.662000	4.715000	4.762000	
4.796000	4.825000	4.844000	4.860000	4.844000	4.825000	4.796000	4.762000	
4.715000	4.662000	4.595000	4.510000	4.428000	4.335000	4.220000	4.103000	
3.943000	3.733000	2.972000	2.243000	1.874000	1.538000	1.192000	0.830000	
0.528000	0.230000	-0.066000	-0.311000	-0.556000	-0.755000	-0.930000	-1.070000	
-1.188000	-1.280000	-1.345000	-1.394000	-1.435000	-1.455000	
-5.835000	76	0
0.000000	0.291000	0.876000	1.144000	1.436000	1.710000	1.991000	2.269000	
2.531000	2.793000	3.036000	3.282000	3.488000	3.695000	3.869000	4.018000	
4.167000	4.283000	4.374000	4.454000	4.514000	4.556000	4.582000	4.589000	
3.451000	2.565000	2.298000	2.108000	1.930000	1.749000	1.556000	1.361000	
1.174000	0.972000	0.787000	0.586000	0.390000	0.201000	0.000000	-0.201000	
-0.390000	-0.586000	-0.787000	-0.972000	-1.174000	-1.361000	-1.556000	-1.749000	
-1.930000	-2.108000	-2.298000	-2.564000	-3.470000	-4.589000	-4.582000	-4.556000	
-4.514000	-4.454000	-4.374000	-4.283000	-4.167000	-4.018000	-3.869000	-3.695000	
-3.488000	-3.282000	-3.036000	-2.793000	-2.531000	-2.269000	-1.991000	-1.710000	
-1.436000	-1.144000	-0.876000	0.000000	
-1.518000	-1.512000	-1.481000	-1.451000	-1.401000	-1.334000	-1.241000	-1.121000	
-0.978000	-0.801000	-0.600000	-0.354000	-0.108000	0.188000	0.486000	0.787000	
1.148000	1.493000	1.828000	2.195000	2.558000	2.922000	3.314000	3.682000	
3.912000	4.046000	4.262000	4.396000	4.507000	4.607000	4.699000	4.779000	
4.843000	4.901000	4.942000	4.976000	4.999000	5.012000	5.016000	5.012000	
4.999000	4.976000	4.942000	4.901000	4.843000	4.779000	4.699000	4.607000	
4.507000	4.396000	4.262000	4.046000	3.909000	3.682000	3.314000	2.922000	
2.558000	2.195000	1.828000	1.493000	1.148000	0.787000	0.486000	0.188000	
-0.108000	-0.354000	-0.600000	-0.801000	-0.978000	-1.121000	-1.241000	-1.334000	
-1.401000	-1.451000	-1.481000	-1.518000	
-4.378000	78	0
0.000000	0.304000	0.923000	1.209000	1.521000	1.814000	2.115000	2.413000	
2.693000	2.973000	3.234000	3.497000	3.716000	3.937000	4.123000	4.282000	
4.440000	4.563000	4.661000	4.745000	4.809000	4.853000	4.881000	4.887000	
3.673000	2.896000	2.730000	2.551000	2.341000	2.145000	1.946000	1.733000	
1.517000	1.310000	1.086000	0.881000	0.657000	0.438000	0.226000	0.000000	
-0.226000	-0.438000	-0.657000	-0.881000	-1.086000	-1.310000	-1.517000	-1.733000	
-1.946000	-2.145000	-2.341000	-2.551000	-2.730000	-2.896000	-3.693000	-4.888000	
-4.881000	-4.853000	-4.809000	-4.745000	-4.661000	-4.563000	-4.440000	-4.282000	
-4.123000	-3.937000	-3.716000	-3.497000	-3.234000	-2.973000	-2.693000	-2.413000	
-2.115000	-1.814000	-1.521000	-1.209000	-0.600000	0.000000	
-1.569000	-1.562000	-1.530000	-1.498000	-1.447000	-1.379000	-1.285000	-1.164000	
-1.020000	-0.842000	-0.640000	-0.393000	-0.146000	0.150000	0.448000	0.748000	
1.108000	1.450000	1.784000	2.149000	2.510000	2.873000	3.264000	3.632000	
3.877000	3.997000	4.135000	4.271000	4.412000	4.528000	4.633000	4.730000	
4.814000	4.883000	4.943000	4.988000	5.025000	5.050000	5.064000	5.070000	
5.064000	5.050000	5.025000	4.988000	4.943000	4.883000	4.814000	4.730000	
4.633000	4.528000	4.412000	4.271000	4.135000	3.997000	3.874000	3.632000	
3.264000	2.873000	2.510000	2.149000	1.784000	1.450000	1.108000	0.748000	
0.448000	0.150000	-0.146000	-0.393000	-0.640000	-0.842000	-1.020000	-1.164000	
-1.285000	-1.379000	-1.447000	-1.498000	-1.551000	-1.569000	
-2.920000	74	0
0.000000	0.625000	1.266000	1.595000	1.904000	2.221000	2.535000	2.830000	
3.125000	3.399000	3.675000	3.905000	4.137000	4.331000	4.497000	4.661000	
4.790000	4.891000	4.979000	5.045000	5.091000	5.120000	5.129000	3.852000	
3.148000	2.923000	2.731000	2.508000	2.299000	2.087000	1.859000	1.629000	
1.408000	1.168000	0.948000	0.707000	0.244000	-0.244000	-0.707000	-0.948000	
-1.168000	-1.408000	-1.629000	-1.859000	-2.087000	-2.299000	-2.508000	-2.731000	
-2.923000	-3.148000	-3.873000	-5.129000	-5.120000	-5.091000	-5.045000	-4.979000	
-4.891000	-4.790000	-4.661000	-4.497000	-4.331000	-4.137000	-3.905000	-3.675000	
-3.399000	-3.125000	-2.830000	-2.535000	-2.221000	-1.904000	-1.595000	-1.266000	
-0.622000	0.000000	
-1.608000	-1.589000	-1.535000	-1.484000	-1.415000	-1.320000	-1.198000	-1.054000	
-0.875000	-0.672000	-0.425000	-0.178000	0.117000	0.414000	0.713000	1.071000	
1.412000	1.743000	2.106000	2.465000	2.826000	3.216000	3.583000	3.840000	
3.950000	4.129000	4.266000	4.408000	4.526000	4.632000	4.731000	4.817000	
4.886000	4.948000	4.993000	5.031000	5.071000	5.071000	5.031000	4.993000	
4.948000	4.886000	4.817000	4.731000	4.632000	4.526000	4.408000	4.266000	
4.129000	3.950000	3.836000	3.583000	3.216000	2.826000	2.465000	2.106000	
1.743000	1.412000	1.071000	0.713000	0.414000	0.117000	-0.178000	-0.425000	
-0.672000	-0.875000	-1.054000	-1.198000	-1.320000	-1.415000	-1.484000	-1.535000	
-1.589000	-1.608000	
-1.463000	74	0
0.090000	0.648000	1.314000	1.656000	1.978000	2.307000	2.633000	2.939000	
3.245000	3.528000	3.814000	4.051000	4.290000	4.490000	4.661000	4.830000	
4.962000	5.066000	5.157000	5.224000	5.271000	5.301000	5.310000	3.986000	
3.349000	3.064000	2.863000	2.630000	2.411000	2.188000	1.950000	1.709000	
1.477000	1.225000	0.995000	0.743000	0.256000	-0.256000	-0.743000	-0.995000	
-1.225000	-1.477000	-1.709000	-1.950000	-2.188000	-2.411000	-2.630000	-2.863000	
-3.064000	-3.349000	-4.678000	-5.310000	-5.301000	-5.271000	-5.224000	-5.157000	
-5.066000	-4.962000	-4.830000	-4.661000	-4.490000	-4.290000	-4.051000	-3.814000	
-3.528000	-3.245000	-2.939000	-2.633000	-2.307000	-1.978000	-1.656000	-1.314000	
-0.648000	0.090000	
-1.630000	-1.612000	-1.559000	-1.507000	-1.438000	-1.343000	-1.221000	-1.077000	
-0.898000	-0.696000	-0.449000	-0.203000	0.091000	0.386000	0.683000	1.038000	
1.377000	1.706000	2.067000	2.423000	2.782000	3.169000	3.534000	3.800000	
3.901000	4.119000	4.255000	4.397000	4.514000	4.619000	4.717000	4.803000	
4.872000	4.933000	4.978000	5.016000	5.056000	5.056000	5.016000	4.978000	
4.933000	4.872000	4.803000	4.717000	4.619000	4.514000	4.397000	4.255000	
4.119000	3.901000	3.671000	3.534000	3.169000	2.782000	2.423000	2.067000	
1.706000	1.377000	1.038000	0.683000	0.386000	0.091000	-0.203000	-0.449000	
-0.696000	-0.898000	-1.077000	-1.221000	-1.343000	-1.438000	-1.507000	-1.559000	
-1.612000	-1.630000	
-0.005000	72	0
0.078000	0.668000	1.353000	1.705000	2.035000	2.374000	2.708000	3.021000	
3.333000	3.623000	3.915000	4.157000	4.400000	4.604000	4.777000	4.949000	
5.083000	5.189000	5.280000	5.349000	5.397000	5.427000	5.436000	4.077000	
3.514000	3.163000	2.956000	2.714000	2.489000	2.259000	2.013000	1.764000	
1.525000	1.265000	0.767000	0.265000	-0.265000	-0.767000	-1.265000	-1.525000	
-1.764000	-2.013000	-2.259000	-2.489000	-2.714000	-2.956000	-3.163000	-3.514000	
-4.786000	-5.436000	-5.427000	-5.397000	-5.349000	-5.280000	-5.189000	-5.083000	
-4.949000	-4.777000	-4.604000	-4.400000	-4.157000	-3.915000	-3.623000	-3.333000	
-3.021000	-2.708000	-2.374000	-2.035000	-1.705000	-1.353000	-0.668000	0.078000	

-1.637000	-1.619000	-1.566000	-1.515000	-1.447000	-1.352000	-1.231000	-1.087000	
-0.909000	-0.708000	-0.463000	-0.219000	0.072000	0.365000	0.660000	1.012000	
1.347000	1.673000	2.031000	2.384000	2.739000	3.124000	3.486000	3.758000	
3.848000	4.108000	4.241000	4.381000	4.496000	4.600000	4.697000	4.781000	
4.849000	4.909000	4.991000	5.030000	5.030000	4.991000	4.909000	4.849000	
4.781000	4.697000	4.600000	4.496000	4.381000	4.241000	4.108000	3.848000	
3.626000	3.486000	3.124000	2.739000	2.384000	2.031000	1.673000	1.347000	
1.012000	0.660000	0.365000	0.072000	-0.219000	-0.463000	-0.708000	-0.909000	
-1.087000	-1.231000	-1.352000	-1.447000	-1.515000	-1.566000	-1.619000	-1.637000	

1.453000	73	0
0.000000	0.684000	1.385000	1.743000	2.079000	2.422000	2.761000	3.078000	
3.394000	3.687000	3.981000	4.225000	4.470000	4.675000	4.849000	5.022000	
5.157000	5.263000	5.355000	5.424000	5.472000	5.502000	5.512000	4.132000	
3.654000	3.456000	3.229000	3.017000	2.770000	2.539000	2.305000	2.054000	
1.799000	1.555000	1.048000	0.522000	0.000000	-0.522000	-1.048000	-1.555000	
-1.799000	-2.054000	-2.305000	-2.539000	-2.770000	-3.017000	-3.229000	-3.456000	
-3.654000	-4.852000	-5.512000	-5.502000	-5.472000	-5.424000	-5.355000	-5.263000	
-5.157000	-5.022000	-4.849000	-4.675000	-4.470000	-4.225000	-3.981000	-3.687000	
-3.394000	-3.078000	-2.761000	-2.422000	-2.079000	-1.743000	-1.385000	-0.684000	
0.000000	
-1.627000	-1.608000	-1.556000	-1.506000	-1.438000	-1.345000	-1.225000	-1.083000	
-0.907000	-0.708000	-0.466000	-0.225000	0.064000	0.353000	0.644000	0.992000	
1.324000	1.646000	1.999000	2.348000	2.699000	3.079000	3.438000	3.713000	
3.791000	3.940000	4.095000	4.226000	4.363000	4.476000	4.577000	4.672000	
4.754000	4.820000	4.923000	4.984000	5.003000	4.984000	4.923000	4.820000	
4.754000	4.672000	4.577000	4.476000	4.363000	4.226000	4.095000	3.940000	
3.791000	3.579000	3.438000	3.079000	2.699000	2.348000	1.999000	1.646000	
1.324000	0.992000	0.644000	0.353000	0.064000	-0.225000	-0.466000	-0.708000	
-0.907000	-1.083000	-1.225000	-1.345000	-1.438000	-1.506000	-1.556000	-1.608000	
-1.627000	
2.910000	71	0
0.000000	0.699000	1.410000	1.772000	2.110000	2.456000	2.796000	3.114000	
3.431000	3.724000	4.018000	4.262000	4.506000	4.711000	4.885000	5.058000	
5.192000	5.298000	5.390000	5.458000	5.506000	5.536000	5.545000	4.155000	
3.771000	3.497000	3.266000	3.051000	2.801000	2.568000	2.330000	2.076000	
1.572000	1.059000	0.527000	0.000000	-0.527000	-1.059000	-1.572000	-2.076000	
-2.330000	-2.568000	-2.801000	-3.051000	-3.266000	-3.497000	-3.771000	-4.880000	
-5.545000	-5.536000	-5.506000	-5.458000	-5.390000	-5.298000	-5.192000	-5.058000	
-4.885000	-4.711000	-4.506000	-4.262000	-4.018000	-3.724000	-3.431000	-3.114000	
-2.796000	-2.456000	-2.110000	-1.772000	-1.410000	-0.699000	0.000000	
-1.594000	-1.576000	-1.525000	-1.476000	-1.410000	-1.318000	-1.200000	-1.061000	
-0.888000	-0.693000	-0.454000	-0.217000	0.067000	0.351000	0.638000	0.980000	
1.307000	1.624000	1.971000	2.315000	2.661000	3.035000	3.388000	3.666000	
3.728000	3.931000	4.082000	4.210000	4.343000	4.453000	4.552000	4.644000	
4.789000	4.889000	4.948000	4.967000	4.948000	4.889000	4.789000	4.644000	
4.552000	4.453000	4.343000	4.210000	4.082000	3.931000	3.728000	3.531000	
3.388000	3.035000	2.661000	2.315000	1.971000	1.624000	1.307000	0.980000	
0.638000	0.351000	0.067000	-0.217000	-0.454000	-0.693000	-0.888000	-1.061000	
-1.200000	-1.318000	-1.410000	-1.476000	-1.525000	-1.576000	-1.594000	
4.368000	68	0
0.000000	0.712000	1.430000	1.794000	2.133000	2.479000	2.818000	3.135000	
3.451000	3.742000	4.035000	4.277000	4.520000	4.723000	4.895000	5.066000	
5.199000	5.304000	5.394000	5.462000	5.509000	5.538000	5.546000	3.871000	
3.511000	3.278000	3.062000	2.811000	2.337000	2.082000	1.576000	1.061000	
0.528000	0.000000	-0.528000	-1.061000	-1.576000	-2.082000	-2.337000	-2.811000	
-3.062000	-3.278000	-3.511000	-3.871000	-4.880000	-5.547000	-5.538000	-5.509000	
-5.462000	-5.394000	-5.304000	-5.199000	-5.066000	-4.895000	-4.723000	-4.520000	
-4.277000	-4.035000	-3.742000	-3.451000	-3.135000	-2.818000	-2.479000	-2.133000	
-1.794000	-1.430000	-0.712000	0.000000	
-1.538000	-1.520000	-1.472000	-1.424000	-1.360000	-1.270000	-1.155000	-1.019000	
-0.850000	-0.659000	-0.426000	-0.194000	0.084000	0.362000	0.643000	0.978000	
1.298000	1.608000	1.949000	2.286000	2.624000	2.991000	3.336000	3.661000	
3.921000	4.069000	4.193000	4.322000	4.525000	4.615000	4.755000	4.852000	
4.909000	4.927000	4.909000	4.852000	4.755000	4.615000	4.525000	4.322000	
4.193000	4.069000	3.921000	3.661000	3.479000	3.336000	2.991000	2.624000	
2.286000	1.949000	1.608000	1.298000	0.978000	0.643000	0.362000	0.084000	
-0.194000	-0.426000	-0.659000	-0.850000	-1.019000	-1.155000	-1.270000	-1.360000	
-1.424000	-1.472000	-1.520000	-1.538000	
4.573000	68	0
0.000000	0.714000	1.432000	1.796000	2.136000	2.481000	2.820000	3.137000	
3.452000	3.743000	4.035000	4.277000	4.519000	4.722000	4.894000	5.064000	
5.197000	5.301000	5.392000	5.459000	5.506000	5.535000	5.544000	3.884000	
3.511000	3.279000	3.063000	2.811000	2.337000	2.082000	1.576000	1.061000	
0.528000	0.000000	-0.528000	-1.061000	-1.576000	-2.082000	-2.337000	-2.811000	
-3.063000	-3.279000	-3.511000	-3.884000	-4.879000	-5.544000	-5.535000	-5.506000	
-5.459000	-5.392000	-5.301000	-5.197000	-5.064000	-4.894000	-4.722000	-4.519000	
-4.277000	-4.035000	-3.743000	-3.452000	-3.137000	-2.820000	-2.481000	-2.136000	
-1.796000	-1.432000	-0.714000	0.000000	
-1.528000	-1.511000	-1.462000	-1.415000	-1.351000	-1.262000	-1.147000	-1.011000	
-0.843000	-0.653000	-0.420000	-0.189000	0.088000	0.365000	0.645000	0.979000	
1.298000	1.607000	1.946000	2.282000	2.619000	2.984000	3.329000	3.651000	
3.920000	4.067000	4.190000	4.319000	4.521000	4.610000	4.750000	4.847000	
4.904000	4.922000	4.904000	4.847000	4.750000	4.610000	4.521000	4.319000	
4.190000	4.067000	3.920000	3.651000	3.471000	3.329000	2.984000	2.619000	
2.282000	1.946000	1.607000	1.298000	0.979000	0.645000	0.365000	0.088000	
-0.189000	-0.420000	-0.653000	-0.843000	-1.011000	-1.147000	-1.262000	-1.351000	
-1.415000	-1.462000	-1.511000	-1.528000	
4.596000	67	0
0.000000	0.714000	1.433000	1.796000	2.136000	2.481000	2.821000	3.137000	
3.452000	3.743000	4.035000	4.277000	4.519000	4.722000	4.894000	5.064000	
5.197000	5.301000	5.392000	5.459000	5.506000	5.535000	5.544000	3.886000	
3.632000	3.299000	2.975000	2.637000	2.257000	1.899000	1.541000	1.148000	
1.148000	-1.148000	-1.148000	-1.541000	-1.899000	-2.257000	-2.637000	-2.975000	
-3.299000	-3.635000	-3.886000	-4.878000	-5.544000	-5.535000	-5.506000	-5.459000	
-5.392000	-5.301000	-5.197000	-5.064000	-4.894000	-4.722000	-4.519000	-4.277000	
-4.035000	-3.743000	-3.452000	-3.137000	-2.821000	-2.481000	-2.136000	-1.796000	
-1.433000	-0.714000	0.000000	
-1.527000	-1.510000	-1.461000	-1.414000	-1.350000	-1.261000	-1.146000	-1.010000	
-0.842000	-0.652000	-0.420000	-0.188000	0.088000	0.366000	0.645000	0.979000	
1.298000	1.607000	1.946000	2.281000	2.619000	2.983000	3.328000	3.649000	
3.838000	4.055000	4.237000	4.399000	4.550000	4.666000	4.757000	4.833000	
0.656000	0.656000	4.833000	4.757000	4.666000	4.550000	4.399000	4.237000	
4.055000	3.835000	3.649000	3.470000	3.328000	2.983000	2.619000	2.281000	
1.946000	1.607000	1.298000	0.979000	0.645000	0.366000	0.088000	-0.188000	
-0.420000	-0.652000	-0.842000	-1.010000	-1.146000	-1.261000	-1.350000	-1.414000	
-1.461000	-1.510000	-1.527000	
5.826000	66	0
0.000000	0.723000	1.445000	1.809000	2.148000	2.492000	2.829000	3.143000	
3.456000	3.743000	4.032000	4.271000	4.510000	4.710000	4.879000	5.047000	
5.178000	5.280000	5.369000	5.435000	5.481000	5.510000	5.518000	3.867000	
3.600000	3.267000	2.943000	2.604000	2.224000	1.866000	1.507000	1.148000	
1.148000	-1.148000	-1.148000	-1.507000	-1.866000	-2.224000	-2.604000	-2.943000	
-3.267000	-3.600000	-3.866000	-4.854000	-5.518000	-5.510000	-5.481000	-5.435000	
-5.369000	-5.280000	-5.178000	-5.047000	-4.879000	-4.710000	-4.510000	-4.271000	
-4.032000	-3.743000	-3.456000	-3.143000	-2.829000	-2.492000	-2.148000	-1.809000	
-1.108000	0.000000	
-1.456000	-1.440000	-1.393000	-1.347000	-1.284000	-1.198000	-1.086000	-0.954000	
-0.789000	-0.604000	-0.377000	-0.151000	0.119000	0.390000	0.662000	0.988000	
1.299000	1.600000	1.931000	2.258000	2.587000	2.942000	3.277000	3.597000	
3.796000	4.013000	4.194000	4.357000	4.508000	4.624000	4.715000	4.785000	
0.656000	0.656000	4.785000	4.715000	4.624000	4.508000	4.357000	4.194000	
4.013000	3.796000	3.597000	3.419000	3.277000	2.942000	2.587000	2.258000	
1.931000	1.600000	1.299000	0.988000	0.662000	0.390000	0.119000	-0.151000	
-0.377000	-0.604000	-0.789000	-0.954000	-1.086000	-1.198000	-1.284000	-1.347000	
-1.421000	-1.456000	
7.283000	68	0
0.000000	0.732000	1.456000	1.818000	2.154000	2.495000	2.828000	3.137000	
3.444000	3.727000	4.010000	4.244000	4.477000	4.673000	4.838000	5.001000	
5.127000	5.227000	5.313000	5.376000	5.420000	5.447000	5.454000	4.749000	
3.772000	3.481000	3.146000	2.822000	2.482000	2.101000	1.723000	1.335000	
1.236000	1.148000	1.148000	-1.148000	-1.148000	-1.237000	-1.723000	-2.101000	
-2.482000	-2.822000	-3.146000	-3.481000	-3.772000	-4.796000	-5.454000	-5.447000	
-5.420000	-5.376000	-5.313000	-5.227000	-5.127000	-5.001000	-4.838000	-4.673000	
-4.477000	-4.244000	-4.010000	-3.727000	-3.444000	-3.137000	-2.828000	-2.495000	
-2.154000	-1.818000	-1.119000	0.000000	
-1.348000	-1.333000	-1.288000	-1.243000	-1.183000	-1.099000	-0.990000	-0.861000	
-0.702000	-0.523000	-0.303000	-0.085000	0.175000	0.436000	0.699000	1.012000	
1.310000	1.600000	1.917000	2.230000	2.544000	2.883000	3.203000	3.353000	
3.527000	3.743000	3.960000	4.142000	4.304000	4.455000	4.576000	4.673000	
4.691000	4.638000	0.656000	0.656000	4.638000	4.692000	4.576000	4.455000	
4.304000	4.142000	3.960000	3.743000	3.527000	3.344000	3.203000	2.883000	
2.544000	2.230000	1.917000	1.600000	1.310000	1.012000	0.699000	0.436000	
0.175000	-0.085000	-0.303000	-0.523000	-0.702000	-0.861000	-0.990000	-1.099000	
-1.183000	-1.243000	-1.315000	-1.348000	
7.648000	58	0
0.000000	0.734000	1.458000	1.820000	2.155000	2.494000	2.826000	3.134000	
3.439000	3.721000	4.002000	4.234000	4.467000	4.660000	4.824000	4.985000	
5.110000	5.209000	5.293000	5.356000	5.399000	5.425000	5.431000	4.541000	
3.737000	3.351000	3.001000	2.862000	1.148000	1.148000	-1.148000	-1.148000	
-2.862000	-3.135000	-3.445000	-3.737000	-5.431000	-5.425000	-5.399000	-5.356000	
-5.293000	-5.209000	-5.110000	-4.985000	-4.824000	-4.660000	-4.467000	-4.234000	
-4.002000	-3.721000	-3.439000	-3.134000	-2.826000	-2.494000	-2.155000	-1.820000	
-1.121000	0.000000	
-1.317000	-1.303000	-1.258000	-1.213000	-1.153000	-1.069000	-0.962000	-0.834000	
-0.677000	-0.499000	-0.281000	-0.066000	0.192000	0.450000	0.710000	1.020000	
1.315000	1.601000	1.913000	2.222000	2.532000	2.866000	3.180000	3.365000	
3.506000	3.788000	4.007000	4.083000	3.059000	0.656000	0.656000	3.059000	
4.083000	3.928000	3.725000	3.506000	3.180000	2.866000	2.532000	2.222000	
1.913000	1.601000	1.315000	1.020000	0.710000	0.450000	0.192000	-0.066000	
-0.281000	-0.499000	-0.677000	-0.834000	-0.962000	-1.069000	-1.153000	-1.213000	
-1.285000	-1.317000	
8.194000	61	0
0.000000	0.736000	1.459000	1.820000	2.154000	2.491000	2.820000	3.126000	
3.429000	3.707000	3.986000	4.216000	4.445000	4.636000	4.798000	4.957000	
5.081000	5.177000	5.261000	5.322000	5.364000	5.389000	5.395000	4.054000	
3.712000	3.631000	3.286000	1.969000	1.969000	1.148000	1.146000	-1.148000	
-1.148000	-1.969000	-1.969000	-3.286000	-3.631000	-3.712000	-5.262000	-5.395000	
-5.389000	-5.364000	-5.322000	-5.261000	-5.177000	-5.081000	-4.957000	-4.798000	
-4.636000	-4.445000	-4.216000	-3.986000	-3.707000	-3.429000	-3.126000	-2.820000	
-2.491000	-2.154000	-1.820000	-1.123000	0.000000	
-1.267000	-1.253000	-1.208000	-1.164000	-1.104000	-1.021000	-0.914000	-0.788000	
-0.633000	-0.457000	-0.243000	-0.030000	0.223000	0.477000	0.732000	1.035000	
1.324000	1.603000	1.909000	2.210000	2.512000	2.838000	3.144000	3.412000	
3.468000	2.175000	1.969000	1.969000	1.181000	0.691000	0.656000	0.656000	
0.691000	1.181000	1.969000	1.969000	2.175000	3.468000	3.174000	3.144000	
2.838000	2.512000	2.210000	1.909000	1.603000	1.324000	1.035000	0.732000	
0.477000	0.223000	-0.030000	-0.243000	-0.457000	-0.633000	-0.788000	-0.914000	
-1.021000	-1.104000	-1.164000	-1.235000	-1.267000	
9.470000	55	0
0.000000	0.740000	1.460000	1.817000	2.146000	2.478000	2.801000	3.101000	
3.397000	3.668000	3.938000	4.161000	4.383000	4.567000	4.722000	4.875000	
4.992000	5.084000	5.162000	5.219000	5.257000	5.279000	5.281000	4.328000	
3.706000	3.620000	1.969000	1.969000	-1.969000	-1.969000	-3.620000	-3.706000	
-4.809000	-5.282000	-5.279000	-5.257000	-5.219000	-5.162000	-5.084000	-4.992000	
-4.875000	-4.722000	-4.567000	-4.383000	-4.161000	-3.938000	-3.668000	-3.397000	
-3.101000	-2.801000	-2.478000	-2.146000	-1.817000	-1.126000	0.000000	
-1.137000	-1.123000	-1.078000	-1.033000	-0.974000	-0.893000	-0.789000	-0.665000	
-0.514000	-0.344000	-0.137000	0.067000	0.309000	0.551000	0.793000	1.080000	
1.352000	1.614000	1.899000	2.179000	2.458000	2.757000	3.036000	3.234000	
3.343000	1.969000	1.969000	0.656000	0.656000	1.969000	1.969000	3.343000	
3.139000	3.037000	2.757000	2.458000	2.179000	1.899000	1.614000	1.352000	
1.080000	0.793000	0.551000	0.309000	0.067000	-0.137000	-0.344000	-0.514000	
-0.665000	-0.789000	-0.893000	-0.974000	-1.033000	-1.105000	-1.137000	
10.198000	54	0
0.000000	0.741000	1.458000	1.812000	2.138000	2.466000	2.785000	3.080000	
3.372000	3.638000	3.904000	4.122000	4.338000	4.518000	4.669000	4.817000	
4.930000	5.018000	5.093000	5.146000	5.181000	5.200000	5.200000	3.696000	
3.612000	1.969000	1.969000	-1.969000	-1.969000	-3.614000	-3.696000	-4.735000	
-5.200000	-5.200000	-5.181000	-5.146000	-5.093000	-5.018000	-4.930000	-4.817000	
-4.669000	-4.518000	-4.338000	-4.122000	-3.904000	-3.638000	-3.372000	-3.080000	
-2.785000	-2.466000	-2.138000	-1.812000	-1.126000	0.000000	
-1.053000	-1.039000	-0.993000	-0.948000	-0.888000	-0.807000	-0.703000	-0.582000	
-0.433000	-0.267000	-0.065000	0.134000	0.370000	0.604000	0.837000	1.113000	
1.373000	1.623000	1.893000	2.157000	2.420000	2.699000	2.958000	3.252000	
1.969000	1.969000	0.656000	0.656000	1.969000	1.969000	3.252000	3.059000	
2.958000	2.699000	2.420000	2.157000	1.893000	1.623000	1.373000	1.113000	
0.837000	0.604000	0.370000	0.134000	-0.065000	-0.267000	-0.433000	-0.582000	
-0.703000	-0.807000	-0.888000	-0.948000	-1.020000	-1.053000	
11.109000	53	0
0.000000	0.380000	1.123000	1.803000	2.125000	2.448000	2.761000	3.050000	
3.334000	3.594000	3.852000	4.064000	4.273000	4.447000	4.592000	4.733000	
4.840000	4.923000	4.991000	5.038000	5.068000	5.080000	5.076000	3.673000	
3.601000	1.969000	1.969000	-1.969000	-1.969000	-3.601000	-3.673000	-5.076000	
-5.080000	-5.068000	-5.038000	-4.991000	-4.923000	-4.840000	-4.733000	-4.592000	
-4.447000	-4.273000	-4.064000	-3.852000	-3.594000	-3.334000	-3.050000	-2.761000	
-2.448000	-2.125000	-1.803000	-1.123000	0.000000	
-0.940000	-0.936000	-0.906000	-0.830000	-0.770000	-0.688000	-0.585000	-0.465000	
-0.319000	-0.156000	0.040000	0.232000	0.458000	0.681000	0.903000	1.162000	
1.405000	1.637000	1.885000	2.126000	2.361000	2.607000	2.834000	3.111000	
1.969000	1.969000	0.656000	0.656000	1.969000	1.969000	3.111000	2.833000	
2.607000	2.361000	2.126000	1.885000	1.637000	1.405000	1.162000	0.903000	
0.681000	0.458000	0.232000	0.040000	-0.156000	-0.319000	-0.465000	-0.585000	
-0.688000	-0.770000	-0.830000	-0.906000	-0.940000	
11.155000	54	0
0.000000	0.380000	1.123000	1.802000	2.124000	2.447000	2.759000	3.048000	
3.332000	3.592000	3.850000	4.061000	4.270000	4.443000	4.587000	4.728000	
4.835000	4.918000	4.986000	5.032000	5.061000	5.074000	5.069000	3.677000	
3.671000	3.538000	3.210000	3.210000	-3.210000	-3.538000	-3.671000	-3.677000	
-5.069000	-5.074000	-5.061000	-5.032000	-4.986000	-4.918000	-4.835000	-4.728000	
-4.587000	-4.443000	-4.270000	-4.061000	-3.850000	-3.592000	-3.332000	-3.048000	
-2.759000	-2.447000	-2.124000	-1.802000	-1.123000	0.000000	
-0.935000	-0.930000	-0.900000	-0.824000	-0.764000	-0.682000	-0.579000	-0.459000	
-0.312000	-0.150000	0.046000	0.238000	0.463000	0.686000	0.906000	1.165000	
1.407000	1.637000	1.885000	2.124000	2.357000	2.602000	2.826000	3.103000	
3.103000	0.964000	0.964000	0.656000	0.656000	0.964000	3.103000	3.103000	
2.826000	2.602000	2.357000	2.124000	1.885000	1.637000	1.407000	1.165000	
0.906000	0.686000	0.463000	0.238000	0.046000	-0.150000	-0.312000	-0.459000	
-0.579000	-0.682000	-0.764000	-0.824000	-0.900000	-0.935000	
11.656000	56	0
0.000000	0.380000	1.121000	1.448000	1.796000	2.114000	2.434000	2.743000	
3.028000	3.308000	3.564000	3.818000	4.026000	4.230000	4.399000	4.539000	
4.676000	4.779000	4.857000	4.921000	4.965000	4.990000	4.998000	4.989000	
3.665000	3.651000	3.536000	3.357000	3.110000	-2.899000	-3.523000	-3.651000	
-3.665000	-4.989000	-4.998000	-4.990000	-4.965000	-4.921000	-4.857000	-4.779000	
-4.676000	-4.539000	-4.399000	-4.230000	-4.025000	-3.818000	-3.564000	-3.308000	
-3.028000	-2.743000	-2.434000	-2.114000	-1.796000	-1.448000	-0.380000	0.000000	

-0.868000	-0.864000	-0.832000	-0.802000	-0.754000	-0.692000	-0.610000	-0.506000	
-0.387000	-0.242000	-0.082000	0.110000	0.297000	0.518000	0.734000	0.948000	
1.197000	1.428000	1.647000	1.880000	2.103000	2.318000	2.541000	2.740000	
3.007000	3.009000	1.170000	0.810000	0.656000	0.656000	0.964000	3.009000	
3.007000	2.740000	2.541000	2.318000	2.103000	1.880000	1.647000	1.428000	
1.197000	0.948000	0.734000	0.518000	0.296000	0.110000	-0.082000	-0.242000	
-0.387000	-0.506000	-0.610000	-0.692000	-0.754000	-0.802000	-0.864000	-0.868000	

12.385000	56	0
0.000000	0.379000	1.116000	1.440000	1.784000	2.098000	2.413000	2.717000	
2.996000	3.270000	3.520000	3.767000	3.969000	4.167000	4.329000	4.463000	
4.592000	4.689000	4.761000	4.818000	4.854000	4.872000	4.872000	4.856000	
3.618000	3.609000	3.491000	3.162000	3.162000	-3.163000	-3.491000	-3.609000	
-3.618000	-4.856000	-4.872000	-4.872000	-4.854000	-4.818000	-4.761000	-4.689000	
-4.592000	-4.463000	-4.329000	-4.167000	-3.969000	-3.767000	-3.520000	-3.270000	
-2.996000	-2.717000	-2.413000	-2.098000	-1.784000	-1.440000	-0.737000	0.000000	

-0.767000	-0.763000	-0.729000	-0.696000	-0.646000	-0.583000	-0.499000	-0.395000	
-0.275000	-0.132000	0.026000	0.213000	0.394000	0.607000	0.813000	1.015000	
1.249000	1.463000	1.662000	1.871000	2.067000	2.250000	2.434000	2.590000	
2.842000	2.843000	0.964000	0.964000	0.656000	0.656000	0.964000	2.843000	
2.842000	2.590000	2.434000	2.250000	2.067000	1.871000	1.662000	1.463000	
1.249000	1.015000	0.813000	0.607000	0.394000	0.213000	0.026000	-0.132000	
-0.275000	-0.395000	-0.499000	-0.583000	-0.646000	-0.696000	-0.752000	-0.767000	

13.114000	56	0
0.000000	0.378000	1.110000	1.431000	1.770000	2.080000	2.389000	2.687000	
2.961000	3.229000	3.472000	3.712000	3.907000	4.097000	4.252000	4.379000	
4.500000	4.589000	4.654000	4.702000	4.729000	4.738000	4.728000	4.699000	
3.568000	3.546000	3.447000	3.446000	3.277000	3.098000	-3.019000	-3.441000	
-3.546000	-4.699000	-4.728000	-4.738000	-4.729000	-4.702000	-4.654000	-4.589000	
-4.500000	-4.379000	-4.252000	-4.097000	-3.907000	-3.712000	-3.472000	-3.229000	
-2.961000	-2.687000	-2.389000	-2.080000	-1.770000	-1.431000	-0.734000	0.000000	

-0.662000	-0.657000	-0.619000	-0.585000	-0.532000	-0.466000	-0.380000	-0.274000	
-0.154000	-0.011000	0.144000	0.327000	0.503000	0.706000	0.902000	1.092000	
1.308000	1.502000	1.681000	1.861000	2.023000	2.168000	2.301000	2.396000	
2.633000	2.636000	1.070000	1.028000	0.810000	0.656000	0.656000	0.964000	
2.636000	2.396000	2.301000	2.168000	2.023000	1.861000	1.680000	1.502000	
1.308000	1.092000	0.902000	0.706000	0.503000	0.327000	0.144000	-0.011000	
-0.154000	-0.274000	-0.380000	-0.466000	-0.532000	-0.585000	-0.644000	-0.662000	

13.182000	56	0
0.000000	0.378000	1.109000	1.430000	1.769000	2.078000	2.387000	2.684000	
2.957000	3.224000	3.467000	3.706000	3.901000	4.090000	4.244000	4.371000	
4.491000	4.579000	4.643000	4.690000	4.717000	4.725000	4.713000	4.682000	
3.600000	3.538000	3.440000	3.437000	3.272000	3.106000	-3.082000	-3.436000	
-3.538000	-4.685000	-4.713000	-4.725000	-4.717000	-4.690000	-4.643000	-4.579000	
-4.491000	-4.371000	-4.244000	-4.090000	-3.901000	-3.706000	-3.467000	-3.224000	
-2.957000	-2.684000	-2.387000	-2.078000	-1.769000	-1.430000	-0.734000	0.000000	

-0.651000	-0.647000	-0.608000	-0.574000	-0.520000	-0.454000	-0.368000	-0.262000	
-0.142000	0.000000	0.156000	0.338000	0.513000	0.716000	0.911000	1.100000	
1.314000	1.506000	1.682000	1.859000	2.018000	2.160000	2.286000	2.376000	
2.604000	2.614000	1.058000	0.984000	0.810000	0.656000	0.656000	0.964000	
2.614000	2.373000	2.286000	2.160000	2.018000	1.859000	1.682000	1.506000	
1.314000	1.100000	0.911000	0.716000	0.513000	0.338000	0.156000	0.000000	
-0.142000	-0.262000	-0.368000	-0.454000	-0.520000	-0.574000	-0.634000	-0.651000	

13.933000	53	0
0.000000	0.376000	1.101000	1.418000	1.752000	2.056000	2.359000	2.650000	
2.917000	3.177000	3.412000	3.644000	3.831000	4.011000	4.158000	4.276000	
4.387000	4.465000	4.519000	4.555000	4.571000	4.563000	4.526000	3.440000	
3.357000	3.189000	2.995000	-2.977000	-3.354000	-3.440000	-4.526000	-4.553000	
-4.570000	-4.568000	-4.555000	-4.519000	-4.465000	-4.387000	-4.276000	-4.158000	
-4.011000	-3.831000	-3.644000	-3.412000	-3.177000	-2.917000	-2.650000	-2.359000	
-2.056000	-1.752000	-1.418000	-0.729000	0.000000	
-0.537000	-0.532000	-0.489000	-0.451000	-0.395000	-0.325000	-0.236000	-0.128000	
-0.006000	0.136000	0.289000	0.468000	0.637000	0.831000	1.015000	1.190000	
1.383000	1.553000	1.702000	1.845000	1.962000	2.058000	2.109000	2.344000	
1.005000	0.810000	0.656000	0.656000	0.964000	2.344000	2.109000	2.084000	
2.010000	1.937000	1.845000	1.702000	1.553000	1.383000	1.190000	1.015000	
0.831000	0.637000	0.468000	0.289000	0.136000	-0.006000	-0.128000	-0.236000	
-0.325000	-0.395000	-0.451000	-0.518000	-0.537000	
14.025000	52	0
0.000000	0.376000	1.100000	1.416000	1.750000	2.053000	2.355000	2.646000	
2.912000	3.171000	3.406000	3.636000	3.821000	4.001000	4.147000	4.264000	
4.375000	4.451000	4.503000	4.539000	4.551000	4.544000	4.520000	3.425000	
3.349000	3.175000	2.807000	-2.811000	-3.341000	-3.426000	-4.522000	-4.550000	
-4.551000	-4.539000	-4.503000	-4.451000	-4.374000	-4.264000	-4.147000	-4.001000	
-3.821000	-3.636000	-3.406000	-3.171000	-2.912000	-2.646000	-2.355000	-2.053000	
-1.750000	-1.416000	-0.729000	0.000000	
-0.523000	-0.517000	-0.474000	-0.436000	-0.379000	-0.309000	-0.219000	-0.110000	
0.011000	0.153000	0.306000	0.484000	0.653000	0.846000	1.028000	1.201000	
1.395000	1.559000	1.705000	1.843000	1.954000	2.036000	2.074000	2.307000	
1.154000	0.810000	0.656000	0.656000	0.964000	2.311000	2.074000	1.999000	
1.954000	1.843000	1.705000	1.559000	1.392000	1.201000	1.028000	0.846000	
0.653000	0.484000	0.306000	0.153000	0.011000	-0.110000	-0.219000	-0.309000	
-0.379000	-0.436000	-0.503000	-0.523000	
14.571000	49	0
0.000000	0.374000	1.093000	1.406000	1.736000	2.035000	2.333000	2.619000	
2.880000	3.134000	3.363000	3.587000	3.767000	3.940000	4.079000	4.190000	
4.291000	4.360000	4.404000	4.430000	3.321000	3.251000	2.916000	2.916000	
-2.916000	-3.252000	-3.315000	-3.321000	-4.430000	-4.430000	-4.404000	-4.360000	
-4.291000	-4.190000	-4.079000	-3.940000	-3.767000	-3.587000	-3.363000	-3.134000	
-2.880000	-2.619000	-2.333000	-2.035000	-1.736000	-1.406000	-1.093000	-0.374000	
0.000000	
-0.436000	-0.430000	-0.383000	-0.342000	-0.282000	-0.210000	-0.118000	-0.007000	
0.116000	0.259000	0.412000	0.587000	0.752000	0.938000	1.112000	1.274000	
1.450000	1.598000	1.722000	1.846000	2.089000	0.964000	0.964000	0.656000	
0.656000	0.968000	1.990000	2.089000	1.846000	1.830000	1.722000	1.598000	
1.450000	1.274000	1.112000	0.938000	0.752000	0.587000	0.412000	0.259000	
0.116000	-0.007000	-0.118000	-0.210000	-0.282000	-0.342000	-0.383000	-0.430000	
-0.436000	
14.753000	47	0
0.000000	0.373000	1.090000	1.403000	1.731000	2.029000	2.325000	2.609000	
2.869000	3.121000	3.348000	3.570000	3.748000	3.919000	4.055000	4.164000	
4.263000	4.329000	4.370000	4.379000	3.279000	3.217000	3.045000	2.827000	
-2.497000	-3.214000	-3.279000	-4.379000	-4.370000	-4.329000	-4.263000	-4.164000	
-4.055000	-3.919000	-3.748000	-3.570000	-3.348000	-3.121000	-2.869000	-2.609000	
-2.325000	-2.029000	-1.731000	-1.403000	-1.090000	-0.373000	0.000000	
-0.407000	-0.401000	-0.353000	-0.311000	-0.249000	-0.175000	-0.082000	0.030000	
0.153000	0.296000	0.448000	0.622000	0.786000	0.970000	1.141000	1.299000	
1.470000	1.612000	1.727000	1.765000	2.007000	1.010000	0.810000	0.656000	
0.656000	0.964000	2.007000	1.765000	1.727000	1.612000	1.470000	1.299000	
1.141000	0.970000	0.786000	0.622000	0.448000	0.296000	0.153000	0.030000	
-0.082000	-0.175000	-0.249000	-0.311000	-0.353000	-0.401000	-0.407000	
14.958000	45	0
0.000000	0.373000	1.087000	1.398000	1.725000	2.022000	2.316000	2.598000	
2.856000	3.106000	3.331000	3.551000	3.726000	3.895000	4.029000	4.135000	
4.230000	4.293000	4.307000	3.226000	3.167000	2.998000	2.634000	-2.742000	
-3.166000	-3.226000	-4.307000	-4.293000	-4.230000	-4.135000	-4.029000	-3.895000	
-3.726000	-3.551000	-3.331000	-3.106000	-2.856000	-2.598000	-2.316000	-2.022000	
-1.725000	-1.398000	-1.087000	-0.373000	0.000000	
-0.374000	-0.367000	-0.317000	-0.274000	-0.211000	-0.136000	-0.041000	0.071000	
0.194000	0.337000	0.489000	0.664000	0.826000	1.007000	1.174000	1.329000	
1.494000	1.628000	1.670000	1.911000	0.991000	0.810000	0.656000	0.656000	
0.964000	1.911000	1.670000	1.628000	1.494000	1.329000	1.174000	1.007000	
0.826000	0.664000	0.489000	0.337000	0.194000	0.071000	-0.041000	-0.136000	
-0.211000	-0.274000	-0.317000	-0.367000	-0.374000	
16.052000	40	0
0.000000	0.368000	0.711000	1.070000	1.374000	1.692000	1.980000	2.266000	
2.538000	2.785000	3.023000	3.236000	3.443000	3.606000	3.650000	2.795000	
2.786000	2.774000	2.775000	2.399000	2.399000	-2.400000	-2.775000	-2.773000	
-2.786000	-2.795000	-3.650000	-3.606000	-3.443000	-3.236000	-3.023000	-2.785000	
-2.538000	-2.266000	-1.980000	-1.692000	-1.374000	-1.070000	-0.711000	0.000000	

-0.191000	-0.184000	-0.163000	-0.124000	-0.074000	-0.003000	0.079000	0.181000	
0.299000	0.428000	0.574000	0.727000	0.897000	1.051000	1.100000	1.304000	
1.242000	1.049000	0.966000	0.966000	0.656000	0.656000	0.966000	1.052000	
1.251000	1.304000	1.100000	1.051000	0.897000	0.727000	0.574000	0.428000	
0.299000	0.181000	0.079000	-0.003000	-0.074000	-0.124000	-0.163000	-0.191000	

16.120000	37	0
0.000000	0.367000	0.710000	1.068000	1.372000	1.690000	1.978000	2.262000	
2.534000	2.780000	3.018000	3.230000	3.436000	3.590000	2.754000	2.744000	
2.735000	2.545000	2.284000	-2.301000	-2.740000	-2.734000	-2.744000	-2.754000	
-3.590000	-3.436000	-3.230000	-3.018000	-2.780000	-2.534000	-2.262000	-1.978000	
-1.690000	-1.372000	-1.068000	-0.710000	0.000000	
-0.180000	-0.172000	-0.151000	-0.111000	-0.061000	0.010000	0.093000	0.195000	
0.314000	0.443000	0.590000	0.742000	0.912000	1.060000	1.261000	1.171000	
1.028000	0.811000	0.656000	0.656000	0.966000	1.032000	1.185000	1.261000	
1.060000	0.912000	0.742000	0.590000	0.443000	0.314000	0.195000	0.093000	
0.010000	-0.061000	-0.111000	-0.151000	-0.180000	
16.211000	35	0
0.000000	0.367000	0.709000	1.067000	1.370000	1.687000	1.974000	2.258000	
2.528000	2.774000	3.011000	3.222000	3.426000	3.505000	2.700000	2.683000	
2.490000	2.269000	-2.206000	-2.686000	-2.682000	-2.700000	-3.505000	-3.426000	
-3.222000	-3.011000	-2.774000	-2.528000	-2.258000	-1.974000	-1.687000	-1.370000	
-1.067000	-0.709000	0.000000	
-0.164000	-0.157000	-0.135000	-0.095000	-0.044000	0.028000	0.112000	0.214000	
0.334000	0.464000	0.611000	0.763000	0.932000	1.006000	1.202000	1.000000	
0.811000	0.656000	0.656000	0.967000	1.006000	1.202000	1.006000	0.932000	
0.763000	0.611000	0.464000	0.334000	0.214000	0.112000	0.028000	-0.044000	
-0.095000	-0.135000	-0.164000	
16.393000	33	0
0.000000	0.366000	0.707000	1.063000	1.365000	1.681000	1.967000	2.249000	
2.517000	2.761000	2.996000	3.206000	3.314000	2.627000	2.574000	2.362000	
2.014000	-2.018000	-2.569000	-2.574000	-2.627000	-3.314000	-3.206000	-2.996000	
-2.761000	-2.517000	-2.249000	-1.967000	-1.681000	-1.365000	-1.063000	-0.707000	
0.000000	
-0.133000	-0.125000	-0.103000	-0.062000	-0.010000	0.063000	0.149000	0.254000	
0.376000	0.506000	0.653000	0.805000	0.895000	1.059000	1.079000	0.812000	
0.656000	0.656000	0.967000	1.079000	1.059000	0.895000	0.805000	0.653000	
0.506000	0.376000	0.254000	0.149000	0.063000	-0.010000	-0.062000	-0.103000	
-0.133000	
16.575000	31	0
0.000000	0.365000	0.705000	1.060000	1.361000	1.675000	1.959000	2.239000	
2.506000	2.748000	2.981000	3.096000	2.719000	2.542000	2.203000	1.936000	
-1.938000	-2.430000	-2.719000	-3.096000	-2.981000	-2.748000	-2.506000	-2.239000	
-1.959000	-1.675000	-1.361000	-1.060000	-0.705000	-0.365000	0.000000	
-0.102000	-0.094000	-0.071000	-0.028000	0.025000	0.100000	0.188000	0.294000	
0.417000	0.548000	0.695000	0.779000	0.867000	0.917000	0.804000	0.656000	
0.656000	0.951000	0.867000	0.779000	0.695000	0.548000	0.417000	0.294000	
0.188000	0.100000	0.025000	-0.028000	-0.071000	-0.094000	-0.102000	
16.758000	29	0
0.000000	0.364000	0.703000	1.056000	1.356000	1.669000	1.951000	2.230000	
2.495000	2.735000	2.841000	2.372000	2.253000	1.738000	1.738000	-1.739000	
-2.253000	-2.631000	-2.841000	-2.735000	-2.495000	-2.230000	-1.951000	-1.669000	
-1.356000	-1.056000	-0.703000	-0.364000	0.000000	
-0.071000	-0.062000	-0.038000	0.006000	0.061000	0.138000	0.226000	0.334000	
0.458000	0.589000	0.657000	0.777000	0.816000	0.816000	0.656000	0.656000	
0.816000	0.707000	0.657000	0.589000	0.458000	0.334000	0.226000	0.138000	
0.061000	0.006000	-0.038000	-0.062000	-0.071000	
16.940000	27	0
0.000000	0.363000	0.701000	1.053000	1.351000	1.662000	1.943000	2.220000	
2.484000	2.535000	2.398000	2.031000	1.378000	-1.384000	-2.031000	-2.249000	
-2.398000	-2.535000	-2.484000	-2.220000	-1.943000	-1.662000	-1.351000	-1.053000	
-0.701000	-0.363000	0.000000	
-0.039000	-0.030000	-0.005000	0.040000	0.096000	0.175000	0.265000	0.374000	
0.499000	0.528000	0.558000	0.672000	0.656000	0.656000	0.672000	0.601000	
0.558000	0.528000	0.499000	0.374000	0.265000	0.175000	0.096000	0.040000	
-0.005000	-0.030000	-0.039000	
17.122000	24	0
0.000000	0.361000	0.698000	1.049000	1.346000	1.656000	1.935000	2.150000	
2.029000	1.916000	1.799000	1.743000	-1.743000	-1.799000	-1.925000	-2.029000	
-2.150000	-1.935000	-1.656000	-1.346000	-1.049000	-0.698000	-0.361000	0.000000	

-0.007000	0.002000	0.027000	0.074000	0.132000	0.212000	0.303000	0.390000	
0.422000	0.486000	0.595000	0.656000	0.656000	0.595000	0.480000	0.422000	
0.390000	0.303000	0.212000	0.132000	0.074000	0.027000	0.002000	-0.007000	

17.213000	22	0
0.000000	0.361000	0.697000	1.047000	1.343000	1.653000	1.915000	1.814000	
1.746000	1.599000	1.561000	-1.561000	-1.599000	-1.746000	-1.814000	-1.915000	
-1.653000	-1.343000	-1.047000	-0.697000	-0.361000	0.000000	
0.009000	0.018000	0.044000	0.091000	0.149000	0.230000	0.317000	0.370000	
0.401000	0.613000	0.656000	0.656000	0.613000	0.401000	0.370000	0.317000	
0.230000	0.149000	0.091000	0.044000	0.018000	0.009000	
17.304000	16	0
0.000000	0.360000	0.696000	1.046000	1.341000	1.614000	1.593000	1.324000	
-1.324000	-1.593000	-1.614000	-1.341000	-1.046000	-0.696000	-0.360000	0.000000	

0.025000	0.034000	0.060000	0.108000	0.167000	0.239000	0.249000	0.656000	
0.656000	0.249000	0.239000	0.167000	0.108000	0.060000	0.034000	0.025000	

17.350000	16	0
0.000000	0.360000	0.695000	1.045000	1.340000	1.426000	1.333000	1.165000	
-1.165000	-1.333000	-1.426000	-1.340000	-1.045000	-0.695000	-0.360000	0.000000	

0.033000	0.042000	0.069000	0.117000	0.176000	0.198000	0.337000	0.656000	
0.656000	0.337000	0.198000	0.176000	0.117000	0.069000	0.042000	0.033000	

17.395000	12	0
0.000000	0.360000	0.695000	1.044000	1.196000	0.980000	-0.980000	-1.196000	
-1.044000	-0.695000	-0.360000	0.000000	
0.041000	0.050000	0.077000	0.125000	0.156000	0.656000	0.656000	0.156000	
0.125000	0.077000	0.050000	0.041000	
17.418000	12	0
0.000000	0.360000	0.695000	1.043000	1.063000	0.860000	-0.860000	-1.063000	
-1.043000	-0.695000	-0.360000	0.000000	
0.044000	0.054000	0.081000	0.129000	0.134000	0.656000	0.656000	0.134000	
0.129000	0.081000	0.054000	0.044000	
17.441000	10	0
0.000000	0.360000	0.694000	0.883000	0.716000	-0.716000	-0.883000	-0.694000	
-0.360000	0.000000	
0.048000	0.058000	0.085000	0.110000	0.656000	0.656000	0.110000	0.085000	
0.058000	0.048000	
17.464000	8	0
0.000000	0.359000	0.658000	0.532000	-0.532000	-0.658000	-0.359000	0.000000	

0.052000	0.062000	0.086000	0.656000	0.656000	0.086000	0.062000	0.052000	

17.486000	5	0
0.000000	0.039000	-0.027000	-0.039000	0.000000	
0.056000	0.057000	0.656000	0.057000	0.056000	
